Period,State,Bond,Asset,Option
0,0,1,100,9.42630857104014
1,0,1.0025,93.5118481700778,5.49870741332739
1,1,1.0025,106.938320605237,13.3718208723079
2,0,1.00500625,87.4446574818369,2.72169896762855
2,1,1.00500625,100,8.28257068778935
2,2,1.00500625,114.358044138684,18.4900459740407
3,0,1.007518765625,81.7711153372599,1.02850681625759
3,1,1.007518765625,93.5118481700778,4.41592748654655
3,2,1.007518765625,106.938320605237,12.1618782966611
3,3,1.007518765625,122.292571878904,24.863522794612
4,0,1.01003756253906,76.4656812211577,0.225975941688318
4,1,1.01003756253906,87.4446574818369,1.83022618487967
4,2,1.01003756253906,100,7.0045045261963
4,3,1.01003756253906,114.358044138684,17.3416958413163
4,4,1.01003756253906,130.777622592252,32.4535808699211
5,0,1.01256265644541,71.5044717257447,0
5,1,1.01256265644541,81.7711153372599,0.451406406124663
5,2,1.01256265644541,93.5118481700778,3.20796635385056
5,3,1.01256265644541,106.938320605237,10.8078588584956
5,4,1.01256265644541,122.292571878904,23.9136004442659
5,5,1.01256265644541,139.851393327609,41.0920727428966
6,0,1.01509406308652,66.8651530349946,0
6,1,1.01509406308652,76.4656812211577,0
6,2,1.01509406308652,87.4446574818369,0.90172317445826
6,3,1.01509406308652,100,5.51313449921617
6,4,1.01509406308652,114.358044138684,16.1172661680734
6,5,1.01509406308652,130.777622592252,31.771403706078
6,6,1.01509406308652,149.554731367569,50.548512481395
7,0,1.01763179824424,62.5268403847743,0
7,1,1.01763179824424,71.5044717257447,0
7,2,1.01763179824424,81.7711153372599,0
7,3,1.01763179824424,93.5118481700778,1.80126970358176
7,4,1.01763179824424,106.938320605237,9.22501236999812
7,5,1.01763179824424,122.292571878904,23.0388374455146
7,6,1.01763179824424,139.851393327609,40.5976588942195
7,7,1.01763179824424,159.931318110151,60.677583676762
8,0,1.02017587773985,58.470004046157,0
8,1,1.02017587773985,66.8651530349946,0
8,2,1.02017587773985,76.4656812211577,0
8,3,1.02017587773985,87.4446574818369,0
8,4,1.02017587773985,100,3.59819137063968
8,5,1.02017587773985,114.358044138684,14.8561753692111
8,6,1.02017587773985,130.777622592252,31.2757538227791
8,7,1.02017587773985,149.554731367569,50.0528625980961
8,8,1.02017587773985,171.027865708815,71.5259969393419
9,0,1.0227263174342,54.6763814086807,0
9,1,1.0227263174342,62.5268403847743,0
9,2,1.0227263174342,71.5044717257447,0
9,3,1.0227263174342,81.7711153372599,0
9,4,1.0227263174342,93.5118481700778,0
9,5,1.0227263174342,106.938320605237,7.18769716384017
9,6,1.0227263174342,122.292571878904,22.5419484375074
9,7,1.0227263174342,139.851393327609,40.1007698862123
9,8,1.0227263174342,159.931318110151,60.1806946687548
9,9,1.0227263174342,182.894327355986,83.1437039145894
10,0,1.02528313322779,51.1288947677782,0
10,1,1.02528313322779,58.470004046157,0
10,2,1.02528313322779,66.8651530349946,0
10,3,1.02528313322779,76.4656812211577,0
10,4,1.02528313322779,87.4446574818369,0
10,5,1.02528313322779,100,0
10,6,1.02528313322779,114.358044138684,14.3580441386839
10,7,1.02528313322779,130.777622592252,30.7776225922518
10,8,1.02528313322779,149.554731367569,49.5547313675689
10,9,1.02528313322779,171.027865708815,71.0278657088146
10,10,1.02528313322779,195.584122156735,95.5841221567354
